
 ===========================================================================
 Free Tip Potential Formulation Solution:  Designed blade                  
                                                  Wake adv. ratio:    0.14672
 no. blades :  4            radius(m)  :   0.2350     adv. ratio:     0.04064
 thrust(N)  :   297.        power(W)   :  0.120E+05   torque(N-m):   11.5    
 Efficiency :  0.2478       speed(m/s) :   10.000     rpm        :  10000.000
 Eff induced:  0.2769       Eff ideal  :   0.3134     Tcoef      :    27.9638
 Tnacel(N)  :    -1.5076    hub rad.(m):   0.0600     disp. rad. :    0.0500
 Tvisc(N)   :    -1.5959    Pvisc(W)   :  0.120E+04
 rho(kg/m3) :   1.22600     Vsound(m/s):  340.000     mu(kg/m-s) : 0.1780E-04
 ---------------------------------------------------------------------------
Helicopter:  Sigma:    0.31309  CTh/s:    0.07374  FOM:    0.65530
                Ct:    0.17896     Cp:    0.09218    J:    0.12766
                Tc:   27.96382     Pc:  112.83278  adv:    0.04064

  i  r/R   c/R  beta(deg)  CL     Cd    REx10^3 Mach   effi  effp  na.u/U
  1 0.258 0.6296  29.97  0.500   0.0117 612.38  0.177  0.332 0.947   0.000
  2 0.267 0.6072  29.23  0.500   0.0116 614.40  0.184  0.327 0.946   0.000
  3 0.286 0.5721  27.88  0.500   0.0116 621.48  0.197  0.319 0.945   0.000
  4 0.311 0.5332  26.15  0.500   0.0115 633.95  0.216  0.312 0.943   0.000
  5 0.341 0.4949  24.28  0.500   0.0113 649.65  0.239  0.305 0.940   0.000
  6 0.375 0.4590  22.44  0.500   0.0112 666.06  0.264  0.300 0.937   0.000
  7 0.412 0.4261  20.74  0.500   0.0110 681.39  0.291  0.296 0.934   0.000
  8 0.450 0.3964  19.20  0.500   0.0109 694.77  0.319  0.292 0.930   0.000
  9 0.488 0.3697  17.84  0.500   0.0109 705.96  0.347  0.290 0.926   0.000
 10 0.527 0.3460  16.64  0.500   0.0108 715.03  0.376  0.288 0.922   0.000
 11 0.566 0.3249  15.59  0.500   0.0107 722.16  0.404  0.287 0.918   0.000
 12 0.604 0.3061  14.67  0.500   0.0107 727.47  0.432  0.286 0.914   0.000
 13 0.641 0.2893  13.85  0.500   0.0107 731.01  0.459  0.285 0.910   0.000
 14 0.678 0.2742  13.14  0.500   0.0107 732.69  0.486  0.284 0.906   0.000
 15 0.713 0.2603  12.50  0.500   0.0107 732.22  0.511  0.283 0.902   0.000
 16 0.746 0.2474  11.94  0.500   0.0107 729.14  0.536  0.283 0.898   0.000
 17 0.778 0.2350  11.44  0.500   0.0107 722.76  0.559  0.282 0.894   0.000
 18 0.808 0.2228  11.00  0.500   0.0108 712.24  0.581  0.282 0.890   0.000
 19 0.836 0.2105  10.60  0.500   0.0109 696.57  0.601  0.282 0.886   0.000
 20 0.863 0.1976  10.25  0.500   0.0111 674.71  0.621  0.281 0.881   0.000
 21 0.887 0.1839   9.94  0.500   0.0114 645.68  0.638  0.281 0.875   0.000
 22 0.909 0.1691   9.67  0.500   0.0120 608.73  0.654  0.281 0.867   0.000
 23 0.929 0.1531   9.43  0.500   0.0130 563.42  0.669  0.281 0.855   0.000
 24 0.946 0.1360   9.22  0.500   0.0146 509.73  0.681  0.281 0.837   0.000
 25 0.961 0.1176   9.05  0.500   0.0168 448.08  0.692  0.281 0.815   0.000
 26 0.974 0.0983   8.90  0.500   0.0194 379.34  0.701  0.281 0.790   0.000
 27 0.984 0.0781   8.79  0.500   0.0226 304.83  0.709  0.281 0.762   0.000
 28 0.992 0.0576   8.71  0.500   0.0265 226.56  0.714  0.281 0.730   0.000
 29 0.997 0.0376   8.66  0.500   0.0320 148.39  0.718  0.281 0.690   0.000
 30 0.999 0.0210   8.64  0.500   0.0404  83.26  0.720  0.280 0.637   0.000

 ===========================================================================
 Free Tip Potential Formulation Solution:  Designed blade                  
                                                  Wake adv. ratio:    0.14672
 no. blades :  4            radius(m)  :   0.2350     adv. ratio:     0.04064
 thrust(N)  :   297.        power(W)   :  0.120E+05   torque(N-m):   11.5    
 Efficiency :  0.2478       speed(m/s) :   10.000     rpm        :  10000.000
 Eff induced:  0.2769       Eff ideal  :   0.3134     Tcoef      :    27.9638
 Tnacel(N)  :    -1.5076    hub rad.(m):   0.0600     disp. rad. :    0.0500
 Tvisc(N)   :    -1.5959    Pvisc(W)   :  0.120E+04
 rho(kg/m3) :   1.22600     Vsound(m/s):  340.000     mu(kg/m-s) : 0.1780E-04
 ---------------------------------------------------------------------------
Helicopter:  Sigma:    0.31309  CTh/s:    0.07374  FOM:    0.65530
                Ct:    0.17896     Cp:    0.09218    J:    0.12766
                Tc:   27.96378     Pc:  112.83263  adv:    0.04064

  i  r/R   c/R  beta(deg)  CL     Cd    REx10^3 Mach   effi  effp  na.u/U
  1 0.258 0.6296  29.97  0.500   0.0117 612.38  0.177  0.332 0.947   0.000
  2 0.267 0.6072  29.23  0.500   0.0116 614.40  0.184  0.327 0.946   0.000
  3 0.286 0.5721  27.88  0.500   0.0116 621.48  0.197  0.319 0.945   0.000
  4 0.311 0.5332  26.15  0.500   0.0115 633.95  0.216  0.312 0.943   0.000
  5 0.341 0.4949  24.28  0.500   0.0113 649.65  0.239  0.305 0.940   0.000
  6 0.375 0.4590  22.44  0.500   0.0112 666.06  0.264  0.300 0.937   0.000
  7 0.412 0.4261  20.74  0.500   0.0110 681.39  0.291  0.296 0.934   0.000
  8 0.450 0.3964  19.20  0.500   0.0109 694.77  0.319  0.292 0.930   0.000
  9 0.488 0.3697  17.84  0.500   0.0109 705.96  0.347  0.290 0.926   0.000
 10 0.527 0.3460  16.64  0.500   0.0108 715.03  0.376  0.288 0.922   0.000
 11 0.566 0.3249  15.59  0.500   0.0107 722.16  0.404  0.287 0.918   0.000
 12 0.604 0.3061  14.67  0.500   0.0107 727.47  0.432  0.286 0.914   0.000
 13 0.641 0.2893  13.85  0.500   0.0107 731.01  0.459  0.285 0.910   0.000
 14 0.678 0.2742  13.14  0.500   0.0107 732.69  0.486  0.284 0.906   0.000
 15 0.713 0.2603  12.50  0.500   0.0107 732.22  0.511  0.283 0.902   0.000
 16 0.746 0.2474  11.94  0.500   0.0107 729.14  0.536  0.283 0.898   0.000
 17 0.778 0.2350  11.44  0.500   0.0107 722.76  0.559  0.282 0.894   0.000
 18 0.808 0.2228  11.00  0.500   0.0108 712.24  0.581  0.282 0.890   0.000
 19 0.836 0.2105  10.60  0.500   0.0109 696.57  0.601  0.282 0.886   0.000
 20 0.863 0.1976  10.25  0.500   0.0111 674.71  0.621  0.281 0.881   0.000
 21 0.887 0.1839   9.94  0.500   0.0114 645.68  0.638  0.281 0.875   0.000
 22 0.909 0.1691   9.67  0.500   0.0120 608.73  0.654  0.281 0.867   0.000
 23 0.929 0.1531   9.43  0.500   0.0130 563.42  0.669  0.281 0.855   0.000
 24 0.946 0.1360   9.22  0.500   0.0146 509.73  0.681  0.281 0.837   0.000
 25 0.961 0.1176   9.05  0.500   0.0168 448.08  0.692  0.281 0.815   0.000
 26 0.974 0.0983   8.90  0.500   0.0194 379.34  0.701  0.281 0.790   0.000
 27 0.984 0.0781   8.79  0.500   0.0226 304.83  0.709  0.281 0.762   0.000
 28 0.992 0.0576   8.71  0.500   0.0265 226.56  0.714  0.281 0.730   0.000
 29 0.997 0.0376   8.66  0.500   0.0320 148.39  0.718  0.281 0.690   0.000
 30 0.999 0.0210   8.64  0.500   0.0404  83.26  0.720  0.280 0.637   0.000
