
 ===========================================================================
 Ducted Potential Formulation Solution:  Designed blade                  
 Vdisk/Vslip:    1.00000                         Wake adv. ratio:    0.16314
 no. blades :  4            radius(m)  :   0.2350     adv. ratio:     0.08666
 thrust(N)  :   92.4        power(W)   :  0.193E+04   torque(N-m):   3.94    
 Efficiency :  0.4781       speed(m/s) :   10.000     rpm        :   4688.801
 Eff induced:  0.5312       Eff ideal  :   0.4863     Tcoef      :     8.6900
 Tnacel(N)  :    30.9690    hub rad.(m):   0.0200     disp. rad. :    0.0500
 Tvisc(N)   :    -0.9570    Pvisc(W)   :   175.    
 rho(kg/m3) :   1.22600     Vsound(m/s):  340.000     mu(kg/m-s) : 0.1780E-04
 ---------------------------------------------------------------------------
Helicopter:  Sigma:    0.36862  CTh/s:    0.08853  FOM:    0.70466
                Ct:    0.25297     Cp:    0.14407    J:    0.27226
                Tc:    8.69002     Pc:   18.17719  adv:    0.08666

  i  r/R   c/R  beta(deg)  CL     Cd    REx10^3 Mach   effi  effp  na.u/U
  1 0.092 0.9185  98.49  0.339   0.0119 398.79  0.079  0.097 1.245   0.000
  2 0.117 0.8900  85.94  0.351   0.0123 384.05  0.078  0.157 0.524   0.000
  3 0.156 0.8017  69.64  0.368   0.0130 357.91  0.081  0.240 0.894   0.000
  4 0.201 0.6853  56.91  0.382   0.0136 338.98  0.090  0.304 0.925   0.000
  5 0.248 0.5892  47.69  0.390   0.0139 330.06  0.102  0.349 0.931   0.000
  6 0.296 0.5161  40.85  0.393   0.0140 327.18  0.115  0.379 0.931   0.000
  7 0.343 0.4651  35.85  0.389   0.0138 331.63  0.130  0.398 0.928   0.000
  8 0.391 0.4253  31.91  0.385   0.0136 337.43  0.144  0.411 0.925   0.000
  9 0.437 0.3948  28.81  0.379   0.0134 345.20  0.159  0.420 0.921   0.000
 10 0.483 0.3705  26.31  0.372   0.0131 353.76  0.174  0.426 0.916   0.000
 11 0.527 0.3504  24.21  0.366   0.0129 362.36  0.188  0.431 0.912   0.000
 12 0.571 0.3350  22.53  0.359   0.0126 372.47  0.202  0.433 0.908   0.000
 13 0.612 0.3218  21.07  0.353   0.0124 381.93  0.216  0.435 0.904   0.000
 14 0.652 0.3109  19.85  0.346   0.0121 391.63  0.229  0.436 0.900   0.000
 15 0.691 0.3016  18.79  0.340   0.0119 401.00  0.242  0.437 0.896   0.000
 16 0.727 0.2938  17.87  0.335   0.0117 410.25  0.254  0.438 0.892   0.000
 17 0.762 0.2874  17.07  0.330   0.0115 419.50  0.265  0.439 0.888   0.000
 18 0.795 0.2827  16.40  0.325   0.0113 429.56  0.276  0.438 0.885   0.000
 19 0.825 0.2790  15.82  0.320   0.0112 439.53  0.286  0.438 0.882   0.000
 20 0.854 0.2762  15.32  0.315   0.0110 449.44  0.296  0.437 0.880   0.000
 21 0.879 0.2742  14.89  0.311   0.0108 459.31  0.304  0.436 0.878   0.000
 22 0.903 0.2730  14.53  0.307   0.0107 469.16  0.312  0.435 0.876   0.000
 23 0.924 0.2725  14.23  0.303   0.0105 479.01  0.319  0.434 0.874   0.000
 24 0.943 0.2728  14.00  0.300   0.0104 488.87  0.326  0.432 0.873   0.000
 25 0.959 0.2737  13.85  0.297   0.0103 498.75  0.331  0.430 0.872   0.000
 26 0.972 0.2753  13.79  0.293   0.0101 508.66  0.336  0.427 0.872   0.000
 27 0.983 0.2775  13.86  0.291   0.0100 518.57  0.340  0.421 0.873   0.000
 28 0.991 0.2801  14.17  0.288   0.0099 528.34  0.343  0.411 0.876   0.000
 29 0.997 0.2821  15.13  0.286   0.0098 536.72  0.346  0.389 0.882   0.000
 30 0.999 0.2765  17.94  0.290   0.0099 533.20  0.350  0.339 0.897   0.000
