Designed blade                  
  n         V/wR         Btip            V          rpm          rho       mu*1e5       Vsound            h        P(kW)         T(N)       Q(N-m)          eff
----------------------------------------------------------------------------------------------------------------------------------------------------------------
  1  0.77357E-01   30.180       20.000       2700.0       1.2260       1.7800       340.00       0.0000       149.14       3160.9       527.47      0.42389    
  2  0.96697E-01   29.491       25.000       2700.0       1.2260       1.7800       340.00       0.0000       149.14       3012.2       527.48      0.50492    
  3  0.11604       28.607       30.000       2700.0       1.2260       1.7800       340.00       0.0000       149.14       2889.9       527.47      0.58131    
  4  0.13538       27.535       35.000       2700.0       1.2260       1.7800       340.00       0.0000       149.14       2780.1       527.48      0.65242    
  5  0.15471       26.341       40.000       2700.0       1.2260       1.7800       340.00       0.0000       149.14       2668.6       527.47      0.71572    
  6  0.17405       25.188       45.000       2700.0       1.2260       1.7800       340.00       0.0000       149.14       2544.6       527.47      0.76778    
  7  0.19339       24.272       50.000       2700.0       1.2260       1.7800       340.00       0.0000       149.14       2406.7       527.47      0.80687    
  8  0.21273       23.696       55.000       2700.0       1.2260       1.7800       340.00       0.0000       149.14       2262.3       527.47      0.83430    
  9  0.23207       23.462       60.000       2700.0       1.2260       1.7800       340.00       0.0000       149.14       2121.1       527.47      0.85331    
 10  0.25141       23.500       65.000       2700.0       1.2260       1.7800       340.00       0.0000       149.14       1988.5       527.47      0.86666    
 11  0.27075       23.739       70.000       2700.0       1.2260       1.7800       340.00       0.0000       149.14       1866.6       527.48      0.87610    
 12  0.29009       24.130       75.000       2700.0       1.2260       1.7800       340.00       0.0000       149.14       1755.5       527.48      0.88280    
 13  0.30943      -23.037       80.000       2700.0       1.2260       1.7800       340.00       0.0000    
 14  0.32877      -21.905       85.000       2700.0       1.2260       1.7800       340.00       0.0000    
 15  0.34811      -20.795       90.000       2700.0       1.2260       1.7800       340.00       0.0000    
 16  0.36745      -19.709       95.000       2700.0       1.2260       1.7800       340.00       0.0000    
 17  0.38679      -18.645       100.00       2700.0       1.2260       1.7800       340.00       0.0000    
 18  0.40613      -17.601       105.00       2700.0       1.2260       1.7800       340.00       0.0000    
 19  0.42547      -16.580       110.00       2700.0       1.2260       1.7800       340.00       0.0000    
 20  0.44480      -15.577       115.00       2700.0       1.2260       1.7800       340.00       0.0000    
 21  0.46414      -14.592       120.00       2700.0       1.2260       1.7800       340.00       0.0000    
