
 ===========================================================================
 Ducted Potential Formulation Solution:  Designed blade                  
 Vdisk/Vslip:    1.00000                         Wake adv. ratio:    0.28416
 no. blades :  4            radius(m)  :   0.2350     adv. ratio:     0.09030
 thrust(N)  :   359.        power(W)   :  0.120E+05   torque(N-m):   25.5    
 Efficiency :  0.2993       speed(m/s) :   10.000     rpm        :   4500.000
 Eff induced:  0.3178       Eff ideal  :   0.2900     Tcoef      :    33.7756
 Tnacel(N)  :   156.0190    hub rad.(m):   0.0200     disp. rad. :    0.0500
 Tvisc(N)   :    -4.7496    Pvisc(W)   :   547.    
 rho(kg/m3) :   1.22600     Vsound(m/s):  340.000     mu(kg/m-s) : 0.1780E-04
 ---------------------------------------------------------------------------
Helicopter:  Sigma:    0.39309  CTh/s:    0.35031  FOM:    0.86986
                Ct:    1.06744     Cp:    1.01162    J:    0.28369
                Tc:   33.77564     Pc:  112.83277  adv:    0.09030

  i  r/R   c/R  beta(deg)  CL     Cd    REx10^3 Mach   effi  effp  na.u/U
  1 0.092 0.9572 115.61  0.561   0.0157 394.56  0.075  0.038 1.077   0.000
  2 0.117 0.9265 105.19  0.590   0.0164 393.76  0.077  0.076 1.127   0.000
  3 0.156 0.8362  85.81  0.701   0.0204 346.81  0.075  0.173 0.769   0.000
  4 0.201 0.7177  72.38  0.789   0.0236 332.43  0.084  0.234 0.913   0.000
  5 0.248 0.6221  63.91  0.861   0.0261 333.32  0.097  0.266 0.932   0.000
  6 0.296 0.5505  58.37  0.921   0.0282 340.38  0.112  0.280 0.938   0.000
  7 0.343 0.4933  54.00  0.982   0.0305 345.74  0.127  0.289 0.939   0.000
  8 0.391 0.4506  50.88  1.032   0.0323 353.97  0.143  0.292 0.939   0.000
  9 0.437 0.4203  48.97  1.067   0.0334 367.24  0.159  0.286 0.939   0.000
 10 0.483 0.3942  47.14  1.103   0.0347 377.35  0.174  0.283 0.938   0.000
 11 0.527 0.3724  45.54  1.137   0.0361 386.40  0.189  0.280 0.937   0.000
 12 0.571 0.3555  44.41  1.161   0.0372 397.31  0.203  0.275 0.936   0.000
 13 0.612 0.3420  43.48  1.182   0.0380 408.71  0.217  0.270 0.935   0.000
 14 0.652 0.3311  42.75  1.198   0.0387 420.45  0.231  0.265 0.934   0.000
 15 0.691 0.3220  42.17  1.210   0.0392 432.21  0.244  0.259 0.933   0.000
 16 0.727 0.3134  41.45  1.225   0.0403 441.15  0.256  0.257 0.931   0.000
 17 0.762 0.3065  40.88  1.237   0.0412 450.57  0.267  0.254 0.929   0.000
 18 0.795 0.3014  40.50  1.244   0.0417 461.47  0.278  0.250 0.928   0.000
 19 0.825 0.2976  40.18  1.249   0.0420 472.58  0.289  0.246 0.927   0.000
 20 0.854 0.2949  39.93  1.252   0.0421 484.06  0.298  0.241 0.927   0.000
 21 0.879 0.2931  39.75  1.253   0.0418 495.99  0.308  0.237 0.927   0.000
 22 0.903 0.2923  39.65  1.252   0.0411 508.48  0.316  0.231 0.928   0.000
 23 0.924 0.2923  39.64  1.248   0.0400 521.63  0.324  0.226 0.930   0.000
 24 0.943 0.2931  39.74  1.241   0.0385 535.58  0.332  0.219 0.933   0.000
 25 0.959 0.2947  39.98  1.230   0.0368 550.54  0.339  0.211 0.936   0.000
 26 0.972 0.2970  40.44  1.216   0.0349 566.92  0.347  0.203 0.939   0.000
 27 0.983 0.3001  41.30  1.195   0.0328 585.70  0.355  0.192 0.943   0.000
 28 0.991 0.3037  42.99  1.164   0.0303 609.91  0.365  0.177 0.947   0.000
 29 0.997 0.3064  47.12  1.103   0.0265 651.77  0.387  0.150 0.953   0.000
 30 0.999 0.2997  57.58  0.957   0.0198 760.73  0.461  0.101 0.958   0.000
