
 ===========================================================================

                   ********** NOT CONVERGED **********

 Ducted Potential Formulation Solution:  Designed blade                  
 Vdisk/Vslip:    1.00000                         Wake adv. ratio:    0.38306
 no. blades :  4            radius(m)  :   0.2350     adv. ratio:     0.09030
 thrust(N)  :   111.        power(W)   :  0.193E+04   torque(N-m):   4.10    
 Efficiency :  0.5720       speed(m/s) :   10.000     rpm        :   4500.000
 Eff induced:  0.6382       Eff ideal  :   0.4570     Tcoef      :    10.3978
 Tnacel(N)  :    29.5729    hub rad.(m):   0.0200     disp. rad. :    0.0500
 Tvisc(N)   :    -0.7686    Pvisc(W)   :   188.    
 rho(kg/m3) :   1.22600     Vsound(m/s):  340.000     mu(kg/m-s) : 0.1780E-04
 ---------------------------------------------------------------------------
Helicopter:  Sigma:    0.36862  CTh/s:    0.11501  FOM:    0.92230
                Ct:    0.32861     Cp:    0.16297    J:    0.28369
                Tc:   10.39779     Pc:   18.17686  adv:    0.09030

  i  r/R   c/R  beta(deg)  CL     Cd    REx10^3 Mach   effi  effp  na.u/U
  1 0.092 0.9185  92.28  0.500   0.0193 224.07  0.044  0.192 3.579   0.000
  2 0.117 0.8900  79.79  0.500   0.0188 234.57  0.048  0.243 0.811   0.000
  3 0.156 0.8017  60.54  0.500   0.0184 245.02  0.056  0.339 0.918   0.000
  4 0.201 0.6853  46.98  0.500   0.0180 255.36  0.068  0.420 0.930   0.000
  5 0.248 0.5892  38.18  0.500   0.0177 265.52  0.082  0.478 0.930   0.000
  6 0.296 0.5161  31.98  0.500   0.0174 275.17  0.097  0.521 0.925   0.000
  7 0.343 0.4651  28.17  0.500   0.0170 286.93  0.112  0.541 0.921   0.000
  8 0.391 0.4253  25.10  0.500   0.0167 297.98  0.127  0.558 0.916   0.000
  9 0.437 0.3948  22.85  0.500   0.0164 309.29  0.142  0.566 0.911   0.000
 10 0.483 0.3705  21.08  0.500   0.0161 320.39  0.157  0.571 0.907   0.000
 11 0.527 0.3504  19.53  0.500   0.0159 330.94  0.172  0.576 0.902   0.000
 12 0.571 0.3350  18.48  0.500   0.0156 342.26  0.186  0.573 0.899   0.000
 13 0.612 0.3218  17.46  0.500   0.0154 352.74  0.199  0.574 0.896   0.000
 14 0.652 0.3109  16.67  0.500   0.0151 363.14  0.212  0.571 0.893   0.000
 15 0.691 0.3016  15.95  0.500   0.0149 373.05  0.225  0.570 0.890   0.000
 16 0.727 0.2938  15.32  0.500   0.0147 382.70  0.237  0.569 0.888   0.000
 17 0.762 0.2874  14.75  0.500   0.0146 392.21  0.248  0.568 0.885   0.000
 18 0.795 0.2827  14.40  0.500   0.0144 402.32  0.259  0.563 0.884   0.000
 19 0.825 0.2790  14.07  0.500   0.0142 412.28  0.269  0.559 0.883   0.000
 20 0.854 0.2762  13.80  0.500   0.0140 422.10  0.278  0.554 0.882   0.000
 21 0.879 0.2742  13.60  0.500   0.0139 431.82  0.286  0.549 0.882   0.000
 22 0.903 0.2730  13.47  0.500   0.0137 441.46  0.294  0.543 0.882   0.000
 23 0.924 0.2725  13.42  0.500   0.0136 451.04  0.301  0.536 0.883   0.000
 24 0.943 0.2728  13.47  0.500   0.0134 460.57  0.307  0.527 0.884   0.000
 25 0.959 0.2737  13.64  0.500   0.0133 470.05  0.312  0.515 0.887   0.000
 26 0.972 0.2753  14.01  0.500   0.0132 479.51  0.317  0.499 0.891   0.000
 27 0.983 0.2775  14.70  0.500   0.0130 488.94  0.320  0.476 0.896   0.000
 28 0.991 0.2801  16.09  0.500   0.0129 498.36  0.323  0.438 0.905   0.000
 29 0.997 0.2821  19.54  0.500   0.0128 507.77  0.327  0.369 0.920   0.000
 30 0.999 0.2765  28.92  0.500   0.0127 517.18  0.340  0.253 0.941   0.000
