
 ===========================================================================

                   ********** NOT CONVERGED **********

 Free Tip Potential Formulation Solution:  Designed blade                  
                                                  Wake adv. ratio:    0.09078
 no. blades :  2            radius(m)  :   0.5650     adv. ratio:     0.00039
 thrust(N)  : -0.216E+20    power(W)   :  0.168E+23   torque(N-m):  0.373E+20
 Efficiency : -0.0001       speed(m/s) :    0.100     rpm        :   4309.860
 Eff induced:  0.0378       Eff ideal  :   2.0000     Tcoef      :***********
 Tnacel(N)  :     0.0105    hub rad.(m):   0.1130     disp. rad. :    0.1230
 Tvisc(N)   :***********    Pvisc(W)   :  0.168E+23
 rho(kg/m3) :   1.22600     Vsound(m/s):  340.000     mu(kg/m-s) : 0.1780E-04
 ---------------------------------------------------------------------------
Helicopter:  Sigma:    0.17925  CTh/s:***********  FOM:***********
                Ct:***********     Cp:***********    J:    0.00123
                Tc:***********     Pc:***********  adv:    0.00039

  i  r/R   c/R  beta(deg)  CL     Cd    REx10^6 Mach   effi  effp  na.u/U
  1 0.203 1.1790  42.02  0.033   0.0116   2.35  0.150  0.053 0.086   0.000
  2 0.216 1.0951  39.92  0.033   0.0136   2.31  0.160  0.051 0.075   0.000
  3 0.238 0.9737  36.45  0.034 s 0.0179   2.28  0.177  0.051 0.054   0.000
  4 0.269 0.8539  32.41  0.035 s 0.0248   2.26  0.200  0.051 0.036   0.000
  5 0.304 0.7511  28.36  0.035 s 0.0343   2.25  0.227  0.051 0.024   0.000
  6 0.343 0.6666  24.56  0.035 s 0.0460   2.26  0.256  0.051 0.016   0.000
  7 0.383 0.5975  21.07  0.035 s 0.0591   2.26  0.286  0.051 0.011   0.000
  8 0.425 0.5404  17.81  0.036 s 0.0724   2.27  0.318  0.051 0.008   0.000
  9 0.467 0.4927  14.54  0.036 s 0.0848   2.28  0.349  0.051 0.007   0.000
 10 0.508 0.4520  11.40  0.036 s 0.0954   2.28  0.380  0.051 0.005   0.000
 11 0.550 0.4170   9.19  0.036 s 0.1036   2.27  0.411  0.050 0.005   0.000
 12 0.590 0.3862   7.49  0.037 s 0.1092   2.26  0.442  0.050 0.004   0.000
 13 0.629 0.3587   6.08  0.037 s 0.1124   2.23  0.471  0.050 0.004   0.000
 14 0.667 0.3337   4.88  0.038 s 0.1132   2.20  0.499  0.050 0.004   0.000
 15 0.703 0.3106   3.84  0.038 s 0.1103   2.17  0.527  0.050 0.004   0.000
 16 0.738 0.2890   2.93  0.039 s 0.1005   2.11  0.553  0.050 0.004   0.000
 17 0.771 0.2683   2.15  0.040 s 0.0814   2.05  0.578  0.050 0.005   0.000
 18 0.802 0.2483   1.47  0.042 s 0.0508   1.97  0.601  0.050 0.008   0.000
 19 0.832 0.2286   0.88  0.044 s 0.0078   1.89  0.623  0.049 0.050   0.000
 20 0.859 0.2092   0.38  0.046 s-0.0456   1.78  0.643  0.048-0.010   0.000
 21 0.884 0.1899  -0.04  0.049 s-0.1067   1.66  0.662  0.047-0.004   0.000
 22 0.906 0.1705  -0.40  0.053 s-0.1722   1.53  0.679  0.045-0.003   0.000
 23 0.927 0.1511  -0.69  0.058 s-0.2393   1.39  0.694  0.042-0.003   0.000
 24 0.945 0.1316  -0.93  0.064 s-0.3049   1.23  0.708  0.037-0.002   0.000
 25 0.960 0.1120  -1.13  0.074 s-0.3663   1.07  0.719  0.031-0.003   0.000
 26 0.973 0.0923  -1.28  0.087 s-0.4210   0.89  0.729  0.024-0.004   0.000
 27 0.984 0.0727  -1.39******* s*******   0.71  0.736  0.017-0.001   0.000
 28 0.991 0.0534  -1.47  0.591 s 0.9386   0.52  0.742  0.010 0.023   0.000
 29 0.997 0.0351  -1.52******* s*******   0.35  0.744  0.004-0.009   0.000
 30 0.999 0.0209  -1.55******* s*******   0.21  0.767  0.001-0.111   0.000
