DFDC Version  0.70 
Bladed rotor + actdisk stator test case                                         

OPER
!        Vinf         Vref          RPM
  0.10000       383.27       6000.0    
!         Rho          Vso          Rmu           Alt
   1.2300       340.29      0.18000E-04   0.0000    
!       XDwake        Nwake
  0.98000               20
!       Lwkrlx
            F
ENDOPER

AERO
!  #sections
     1
!   Xisection
   0.0000    
!       A0deg        dCLdA        CLmax         CLmin
   0.0000       6.7053       1.2759      0.16450    
!  dCLdAstall     dCLstall      Cmconst         Mcrit
  0.59470      0.58200       0.0000      0.70000    
!       CDmin      CLCDmin     dCDdCL^2
  0.13750E-01  0.74460      0.17420    
!       REref        REexp          TOC      dCDdCL^2
  0.40000E+06 -0.50000      0.10000      0.20000E-01
ENDAERO

ROTOR
!       Xdisk        Nblds       NRsta
  0.15000                4           11
!  #stations
    10
!           r        Chord         Beta
  0.99796E-01  0.16964       27.844    
  0.14822      0.12296       23.992    
  0.19664      0.96652E-01   19.744    
  0.24507      0.78949E-01   16.770    
  0.29349      0.66395E-01   14.508    
  0.34192      0.57315E-01   12.690    
  0.39034      0.50316E-01   11.039    
  0.43876      0.44813E-01   9.4482    
  0.48719      0.40218E-01   7.6665    
  0.53561      0.35550E-01   5.2772    
ENDROTOR

DRAGOBJ
!  #pts
     4
!           x            r          CDA
  0.40000E-01  0.60000E-02   0.0000    
  0.40000E-01  0.80000E-02   0.0000    
  0.40000E-01  0.10000E-01   0.0000    
  0.40000E-01  0.12000E-01   0.0000    
ENDDRAGOBJ

GEOM
Bladed rotor + actdisk stator test case                                         
     1.000000    0.091627
     0.985512    0.091627
     0.966561    0.091627
     0.946683    0.091627
     0.926710    0.091627
     0.906727    0.091627
     0.886744    0.091627
     0.866761    0.091627
     0.846778    0.091627
     0.826794    0.091627
     0.806811    0.091627
     0.786828    0.091627
     0.766845    0.091627
     0.746861    0.091627
     0.726878    0.091627
     0.706895    0.091627
     0.686912    0.091627
     0.666929    0.091627
     0.646945    0.091627
     0.626962    0.091627
     0.606979    0.091627
     0.586996    0.091627
     0.567012    0.091627
     0.547029    0.091627
     0.527046    0.091627
     0.507063    0.091627
     0.487080    0.091627
     0.467097    0.091627
     0.447116    0.091627
     0.427141    0.091627
     0.407190    0.091627
     0.387320    0.091626
     0.367728    0.091633
     0.348941    0.091583
     0.330888    0.091387
     0.312891    0.091025
     0.294758    0.090521
     0.276875    0.089877
     0.259555    0.089060
     0.242801    0.088030
     0.226560    0.086751
     0.210766    0.085190
     0.195368    0.083317
     0.180202    0.081101
     0.165094    0.078523
     0.150000    0.075584
     0.135533    0.072423
     0.121345    0.068967
     0.107542    0.065223
     0.094122    0.061169
     0.080990    0.056780
     0.068413    0.052156
     0.056882    0.047418
     0.046477    0.042549
     0.037136    0.037497
     0.028819    0.032213
     0.021332    0.026502
     0.014353    0.020177
     0.007965    0.013700
     0.003064    0.007558
     0.000000    0.000000
  999.0 999.0
     1.000000    0.610630
     0.985399    0.610203
     0.965024    0.609636
     0.940808    0.609010
     0.915319    0.608406
     0.889544    0.607858
     0.863720    0.607371
     0.837919    0.606951
     0.812123    0.606596
     0.786327    0.606309
     0.760538    0.606087
     0.734761    0.605935
     0.708953    0.605848
     0.683145    0.605827
     0.657300    0.605872
     0.631449    0.605980
     0.605553    0.606152
     0.579627    0.606384
     0.553652    0.606675
     0.527648    0.607023
     0.501586    0.607425
     0.475498    0.607879
     0.449372    0.608383
     0.423317    0.608930
     0.397763    0.609510
     0.373213    0.610179
     0.349011    0.610998
     0.324882    0.611969
     0.300772    0.613096
     0.276689    0.614376
     0.252597    0.615815
     0.228490    0.617410
     0.204300    0.619166
     0.179898    0.621086
     0.155099    0.623171
     0.129945    0.625376
     0.106053    0.627461
     0.085255    0.629126
     0.067818    0.630235
     0.053381    0.630755
     0.041426    0.630695
     0.031456    0.630075
     0.023052    0.628890
     0.015919    0.627090
     0.009900    0.624567
     0.005035    0.621155
     0.001621    0.616746
     0.000077    0.611546
     0.000517    0.605917
     0.002837    0.600453
     0.006711    0.595455
     0.011898    0.590935
     0.018321    0.586825
     0.026025    0.583047
     0.035150    0.579534
     0.045890    0.576236
     0.058455    0.573114
     0.073019    0.570147
     0.089644    0.567324
     0.108224    0.564650
     0.128475    0.562142
     0.150000    0.559824
     0.167430    0.558163
     0.185195    0.556645
     0.203232    0.555272
     0.221404    0.554052
     0.239662    0.552989
     0.257962    0.552085
     0.276281    0.551340
     0.294605    0.550757
     0.312928    0.550335
     0.331254    0.550075
     0.349591    0.549978
     0.367951    0.550042
     0.386380    0.550271
     0.405106    0.550664
     0.424306    0.551191
     0.443859    0.551826
     0.463489    0.552567
     0.483161    0.553412
     0.502862    0.554359
     0.522583    0.555407
     0.542324    0.556556
     0.562082    0.557804
     0.581856    0.559150
     0.601647    0.560593
     0.621447    0.562133
     0.641259    0.563768
     0.661080    0.565498
     0.680906    0.567323
     0.700741    0.569240
     0.720577    0.571250
     0.740412    0.573351
     0.760245    0.575544
     0.780077    0.577828
     0.799900    0.580202
     0.819700    0.582664
     0.839493    0.585217
     0.859268    0.587860
     0.879016    0.590591
     0.898731    0.593409
     0.918370    0.596309
     0.937822    0.599273
     0.956716    0.602240
     0.974199    0.605063
     0.988738    0.607470
     1.000000    0.609370
ENDGEOM
